-0.32160803328159354 -0.055446952746472475
-0.3182211354952031 -0.06109178239045647
-0.3035445784208447 -0.06899454389203408
-0.2775783620585182 -0.08028420318000211
-0.2527411116249885 -0.09044489653917331
-0.2358066226930365 -0.09721869211195414
-0.21209833818830368 -0.10625041954232857
-0.19967971297153883 -0.1118952491863126
-0.1838741899683836 -0.11866904475909339
-0.17145556475161877 -0.1254428403318742
-0.15903693953485393 -0.13447456776224864
-0.1466183143180891 -0.14237732926382626
-0.12968382538613707 -0.1547959544805911
-0.1093624386677946 -0.16721457969735593
-0.08226725637667137 -0.17737527305652714
-0.06871966523110973 -0.17963320491412074
-0.057430005943141696 -0.18076217084291757
-0.04388241479758005 -0.17850423898532394
-0.02807689179442485 -0.17060147748374632
-0.01114240286247277 -0.1604407841245751
0.011436915713463253 -0.15253802262299748
0.04756382543496092 -0.15140905669420068
0.07127210993969377 -0.15140905669420068
0.0859486670140522 -0.15705388633818468
0.11078591744758193 -0.1638276819109655
0.14239696345389233 -0.17624630712773035
0.1649762820298284 -0.18076217084291757
0.17739490724659326 -0.18189113677171437
0.19320043024974845 -0.18189113677171437
0.21803768068327808 -0.17398837527013675
0.2541645904047758 -0.15028009076540388
0.28013080676710234 -0.12995870404706142
0.3004521934854447 -0.11866904475909339
0.3173866824173968 -0.11076628325751578
0.33206323949175526 -0.10286352175593819
0.3546425580676913 -0.09608972618315736
0.37383497885723693 -0.09270282839676693
0.3896405018603921 -0.09044489653917331
0.3794798085012209 -0.08254213503759572
0.36931911514204974 -0.0780262713224085
0.3546425580676913 -0.06560764610564368
0.3489977284237072 -0.058833850532862865
0.34222393285092645 -0.04415729345850444
0.3399660009933328 -0.03512556602813001
0.338837035064536 -0.013675213380990769
0.34109496692212965 -0.009159349665803554
0.34673979656611364 0.002130309622164483
0.3512556602813009 0.017935832625319732
0.35351359213889444 0.032612389699678154
0.35351359213889444 0.04841791270283341
0.3512556602813009 0.05970757199080139
0.33545013727814554 0.08680275428192463
0.32641840984777126 0.09696344764109593
0.30496805720063197 0.10486620914267349
0.2869046023398831 0.10599517507147037
0.2541645904047758 0.10599517507147037
0.22932733997124619 0.10712414100026714
0.20336112360891967 0.10825310692906392
0.18755560060576448 0.11164000471545436
0.1706211116738124 0.12292966400342234
0.1649762820298284 0.12857449364740633
0.1593314523858444 0.14325105072176475
0.1593314523858444 0.15002484629454563
0.15820248645704763 0.15905657372492008
0.1548155886706572 0.17147519894168484
0.14465489531148598 0.18728072194484013
0.12546247452194034 0.20308624494799532
0.11078591744758193 0.20873107459197932
0.08481970108525541 0.21211797237836977
0.07691693958367776 0.21324693830716654
0.07578797365488099 0.1996993471616049
0.07353004179728742 0.16470140336890404
0.07127210993969377 0.13421932329139044
-0.010013436933675991 0.14889588036574886
-0.029205857723221627 0.22227866573754096
-0.1432314165316987 0.20308624494799532
-0.14436038246049548 0.17486209672807526
-0.1364576209589179 0.15905657372492008
-0.1341996891013243 0.1466379485081552
-0.1341996891013243 0.130832425505
-0.13871555281651152 0.10825310692906392
-0.1421024506029019 0.09809241356989272
-0.15000521210447954 0.0935765498547055
-0.16016590546365075 0.08906068613951829
-0.17032659882282195 0.08680275428192463
-0.1895190196123676 0.08228689056673746
-0.20871144040191325 0.08002895870914385
-0.22338799747627167 0.07777102685155025
-0.23241972490664614 0.07777102685155025
-0.2391935204794269 0.07664206092275347
-0.2595149071977694 0.07551309499395664
-0.2651597368417534 0.07551309499395664
-0.29451285099047025 0.07551309499395664
-0.3193501014239999 0.07325516313636303
-0.35321907928790397 0.06535240163478544
-0.35886390893188796 0.05744964013320779
-0.35886390893188796 0.04503101491644297
-0.3103183739936255 0.02245169634050695
-0.29564181691926705 0.02019376448291334
-0.273062498343331 0.017935832625319732
-0.24258041826581733 0.013419968910132519
-0.20871144040191325 0.006646173337351698
-0.1883900536835708 -0.001256588164225903
-0.1782293603243996 -0.008030383737006725
-0.17258453068041557 -0.018191077096177982
-0.16919763289402517 -0.03173866824173958
-0.17145556475161877 -0.039641429743317226
-0.175971428466806 -0.04302832752970761
-0.1895190196123676 -0.04641522531609805
-0.20193764482913243 -0.04641522531609805
-0.2256459293338653 -0.04641522531609805
-0.24483835012341096 -0.047544191244894826
-0.2696756005569406 -0.04867315717369165
-0.30693147620723504 -0.04980212310248843
-0.32160803328159354 -0.05206005496008204
