-0.09575928492014961 -0.026489475301285613
-0.09988248787365342 0.21100701482053363
-0.09740856610155113 0.23162302958805267
-0.08916216019454352 0.24399263844856411
-0.0743186295619298 0.2481158414020679
-0.040508365343198606 0.2481158414020679
-0.018243069394278066 0.2481158414020679
0.03535856900127145 0.24894048199276866
0.06999347381070342 0.24894048199276866
0.1978127653693214 0.24894048199276866
0.3124378074767272 0.24976512258346947
0.3173856510209318 -0.09988248787365335
0.2844000273929013 -0.10977817496206249
0.2514144037648709 0.10297909743873394
0.07494131735490799 0.10462837862013546
0.07494131735490799 -0.03885908416179702
0.07576595794560874 -0.05370261479441073
0.07246739558280568 -0.05947509892931604
0.06751955203860112 -0.06277366129211909
0.05927314613159353 -0.06607222365492213
0.046078896680381336 -0.06607222365492213
0.042780334317578286 -0.06442294247352061
0.037832490773373716 -0.04957941184090691
0.036183209591972194 -0.0438069277060016
0.0320600066384684 -0.0372098029803955
0.02793680368496457 -0.029788037664088624
0.022164319550059257 -0.027314115891986356
0.009794710689547844 -0.024015553529183307
-0.0025748981709635683 -0.021541631757081042
-0.021541631757081094 -0.021541631757081042
-0.03885908416179708 -0.021541631757081042
-0.044631568296702416 -0.021541631757081042
-0.05040405243160773 -0.021541631757081042
-0.059475098929316114 -0.02566483471058483
-0.0685461454270245 -0.03803444357109625
-0.07596791074333134 -0.07431862956192976
-0.07349398897122905 -0.12379706500397543
-0.07349398897122905 -0.15595804804130511
-0.08174039487823667 -0.17245085985532033
-0.08586359783174048 -0.17245085985532033
-0.09328536314804732 -0.17080157867391885
-0.1106028155527633 -0.15183484508780132
-0.11637529968766866 -0.13946523622728987
-0.11637529968766866 -0.11555065909696782
-0.1130767373248656 -0.09740856610155108
-0.10812889378066104 -0.08256503546893736
-0.10400569082715723 -0.06937078601772519
-0.09988248787365342 -0.05287797420370996
-0.09493464432944884 -0.02566483471058483
