-0.3738961131893423 0.011260871173702572
-0.34421902561698037 -0.0359526772368732
-0.3185888136226679 -0.06562976480923507
-0.2983544357324211 -0.08451518417346539
-0.27542214079014143 -0.10205164501167922
-0.24844297026981244 -0.11823914732387665
-0.20932317301533543 -0.1384735252141234
-0.17694816839094057 -0.1506141519482715
-0.1378283711364635 -0.1627547786824195
-0.09601065682995356 -0.17354644689055113
-0.0595887766275094 -0.18029123952063336
-0.03126064758116395 -0.18433811509868273
0.00920810819932959 -0.18568707362469916
0.034838320193642074 -0.18703603215071563
0.06586436629202048 -0.18703603215071563
0.12117166585869497 -0.17759332246860043
0.15219771195707327 -0.17084852983851823
0.1751300068993529 -0.16545269573445243
0.21694772120586292 -0.14791623489623856
0.23988001614814258 -0.1384735252141234
0.27899981340261965 -0.11689018879786023
0.3086769009749815 -0.09125997680354761
0.3410519055993763 -0.05348913807508704
0.36263524201563946 -0.025161009028741587
0.38286961990588625 0.0004692029655709605
0.39905712221808365 0.02744837348589999
0.20345813594569837 0.2041619403940549
0.14545291932699103 0.15425047493144625
0.13466125111885943 0.14750568230136402
0.1130779147025962 0.13941193114526537
0.10093728796844817 0.13536505556721598
0.08205186860421791 0.1313181799891666
0.053723739557872456 0.1259223458851008
0.010557066725346011 0.12457338735908437
-0.008328352638884368 0.12457338735908437
-0.02856273052913105 0.12457338735908437
-0.04879710841937779 0.1259223458851008
-0.07172940336165749 0.13536505556721598
-0.08656794714783843 0.14345880672331476
-0.09735961535597004 0.15290151640542982
-0.10950024209011808 0.17043797724364365
-0.1162450347202003 0.18527652102982464
-0.1324325370323977 0.21090673302413726
-0.13917732966248 0.22034944270625234
-0.15266691492264445 0.23518798649243333
-0.3711981961373094 0.012609829699718994
