-0.08757592747607659 -0.24100578665244654
-0.09135048952231695 -0.25327311330272767
-0.0932377705454371 -0.26742772097612905
-0.0932377705454371 -0.2815823286495304
-0.0932377705454371 -0.29101873376513127
-0.0932377705454371 -0.30234241990385236
-0.09135048952231695 -0.3117788250194532
-0.08663228696451644 -0.32121523013505415
-0.081914084406716 -0.32970799473909496
-0.07342131980267522 -0.3353698378084555
-0.06492855519863441 -0.3391443998546958
-0.058323071617713766 -0.34103168087781605
-0.04983030701367297 -0.3419753213893761
-0.04039390189807211 -0.3419753213893761
-0.032844777805591384 -0.3419753213893761
-0.02340837268999044 -0.34008804036625595
-0.013971967574389578 -0.3353698378084555
-0.006422843481908855 -0.32970799473909496
0.0011262806105718688 -0.3231025111581743
0.00678812367993237 -0.31744066808881377
0.014337247772413093 -0.3117788250194532
0.01999909084177368 -0.30611698195009274
0.02566093391113418 -0.298567857857612
0.0332100580036149 -0.2919623742766913
0.03887190107297549 -0.2853568906957707
0.04453374414233599 -0.27686412609172995
0.05208286823481671 -0.26742772097612905
0.05680107079261714 -0.2598785968836483
0.0634065543735378 -0.24949855125648732
0.06906839744289829 -0.2419494271640066
0.0775611620469391 -0.22873846000216533
0.0822793646047396 -0.22024569539812455
0.08888484818566017 -0.20892200925940346
0.09454669125502076 -0.1985419636322425
0.09926489381282119 -0.18627463698196134
0.10209581534750148 -0.17966915340104067
0.10870129892842205 -0.1711763887969999
0.11436314199778264 -0.1598527026582788
0.11908134455558307 -0.14852901651955774
0.1237995471133835 -0.1400362519155169
0.12851774967118393 -0.12776892526523576
0.13134867120586421 -0.12210708219587522
0.1351232332521046 -0.11550159861495461
0.13795415478678488 -0.10983975554559407
0.13984143580990502 -0.10134699094155328
0.14078507632146509 -0.09568514787219273
0.14455963836770544 -0.08813602377971201
0.14927784092550597 -0.07681233764099096
0.1511651219486261 -0.07209413508319044
0.15305240297174633 -0.06737593252539002
0.15588332450642653 -0.06077044894446936
0.15871424604110682 -0.05605224638666893
0.1624888080873472 -0.04661584127106807
0.16437608911046733 -0.04189763871326764
0.16720701064514762 -0.033404874109226844
0.17098157269138797 -0.020193906947385536
0.17381249422606826 -0.013588423366464883
0.17758705627230864 -0.004152018250864021
0.18041797780698893 0.0033971058416167026
0.18230525883010906 0.013777151468777634
0.18324889934166913 0.02038263504969829
0.18419253985322928 0.02415719709593865
0.18419253985322928 0.029819040165299234
0.18419253985322928 0.03642452374621981
0.18230525883010906 0.04114272630402024
0.18041797780698893 0.04586092886182075
0.17569977524918842 0.059071896023661974
0.17475613473762835 0.06379009858146241
0.1728688537145082 0.06850830113926284
0.16720701064514762 0.07983198727798392
0.16343244859890727 0.08738111137046464
0.15965788655266688 0.09493023546294536
0.15493968399486646 0.10342300006698617
0.14833420041394582 0.11380304569414718
0.13606687376366466 0.12890129387910862
0.12851774967118393 0.13739405848314942
0.12474318762494357 0.1383376989947095
0.10775765841686198 0.13645041797158936
0.09832125330126112 0.1355067774600292
0.08699756716254003 0.1355067774600292
0.08699756716254003 0.1402249800178297
0.08888484818566017 0.14494318257563013
0.09171576972034047 0.1515486661565508
0.09832125330126112 0.1600414307605916
0.10398309637062163 0.16664691434151216
0.11341950148622257 0.17891424099179332
0.11719406353246285 0.18929428661895434
0.11908134455558307 0.2015616132692355
0.12002498506714314 0.2119416588963965
0.11625042302090277 0.2119416588963965
0.10775765841686198 0.2091107373617162
0.10209581534750148 0.20250525378079556
0.09549033176658082 0.19589977019987498
0.0907721292087804 0.19212520815363462
0.08322300511629968 0.1845760840611539
0.07378660000069873 0.17513967894555305
0.07001203795445837 0.17136511689931266
0.06623747590821809 0.16664691434151216
0.058688351815737366 0.1600414307605916
0.039815541584535555 0.1487177446218705
0.036040979538295194 0.14588682308719023
0.028491855445814472 0.1402249800178297
0.020942731353333747 0.1355067774600292
0.013393607260853023 0.13173221541378882
0.010562685726172732 0.13078857490222875
0.0020699211221319384 0.13173221541378882
-0.009253765016589147 0.1402249800178297
-0.013028327062829508 0.14399954206407006
-0.014915608085949647 0.1468304635987503
-0.01680288910906987 0.1487177446218705
-0.0215210916668703 0.15343594717967093
-0.03378841831715146 0.16098507127215167
-0.047943025990552834 0.1657032738299521
-0.059266712129273834 0.1675905548530723
-0.07908316287203572 0.16853419536463238
-0.08946320849919673 0.17513967894555305
-0.09135048952231695 0.18363244354959382
-0.10173053514947789 0.18835064610739427
-0.12154698589223976 0.18929428661895434
-0.13570159356564113 0.1902379271305144
-0.15363076328528283 0.19212520815363462
-0.1725035735164846 0.1930688486651947
-0.18760182170144604 0.19401248917675476
-0.20270006988640749 0.19401248917675476
-0.20836191295576803 0.19401248917675476
-0.23100928523321018 0.19401248917675476
-0.2385584093256909 0.1930688486651947
-0.24988209546441198 0.1930688486651947
-0.2725294677418541 0.1930688486651947
-0.28857135643837567 0.1930688486651947
-0.3017823236002169 0.1930688486651947
-0.3178242122967384 0.19212520815363462
-0.3319788199701398 0.1874070055958342
-0.3414152250857406 0.18268880303803367
-0.34330250610886087 0.1741960384339929
-0.3395279440626205 0.1704214763877525
-0.3291478984354595 0.1675905548530723
-0.3121623692273779 0.16475963331839202
-0.2640367031378133 0.1600414307605916
-0.25176937648753217 0.154379587691231
-0.22346016114072945 0.14966138513343058
-0.20081278886328732 0.1468304635987503
-0.1564616848199631 0.1383376989947095
-0.13570159356564113 0.13361949643690907
-0.10078689463791782 0.1213521697866279
-0.09512505156855731 0.10531028109010639
-0.10173053514947789 0.0722828631855032
-0.10456145668415817 0.04869185039650096
-0.12343426691535994 -0.06265772996758959
-0.12532154793848013 -0.08436146173347164
-0.12815246947316042 -0.09191058582595237
-0.13287067203096084 -0.0966287883837528
-0.1545744037968429 -0.10983975554559407
-0.3753862835019039 -0.13814897089239675
-0.08757592747607659 -0.24100578665244654
