-0.019305592980597676 -0.26335822816545906
-0.03964213569607716 -0.2989471779175481
-0.045997305294664476 -0.3269099241513324
-0.04472627137494704 -0.35233060254568177
-0.03837110177635967 -0.37520921310059613
-0.021847660820032613 -0.38919058621748825
0.0010309497348818131 -0.39681678973579304
0.02263852637007874 -0.399358857575228
0.049330238684145544 -0.3955457558160756
0.06712471356019004 -0.38791955229777075
0.08110608667708222 -0.37520921310059613
0.09000332411510452 -0.3675830095822913
0.10906883291086646 -0.3459754329470944
0.12432123994747607 -0.32055475455274507
0.1395736469840857 -0.2938630422386782
0.16245225753900006 -0.25191892288800183
0.17134949497702237 -0.22904031233308744
0.18278880025447955 -0.1985354982598682
0.19168603769250186 -0.17438585378523633
0.20312534296995904 -0.14388103971201716
0.21583568216713367 -0.0904976150838835
0.21583568216713367 -0.0460114278937722
0.21583568216713367 -0.02313281733885772
0.21710671608685123 0.007371996734361399
0.20948051256854636 0.07473679447938718
0.20948051256854636 0.09507333719486667
0.19549913945165417 0.12049401558921603
0.17770466457560968 0.12812021910752078
0.1662653592981525 0.1344753887061081
0.1751625967361748 0.14210159222441296
0.18787293593334942 0.15354089750187014
0.20058327513052404 0.1700643384581972
0.2082094786488289 0.18658777941452426
0.20948051256854636 0.2056532882102863
0.2082094786488289 0.21327949172859106
0.18787293593334942 0.20692432213000375
0.18278880025447955 0.19802708469198144
0.17262052889673982 0.1853167454948068
0.16245225753900006 0.17387744021734963
0.14974191834182543 0.1637091688596099
0.13321847738549839 0.15354089750187014
0.10906883291086646 0.13828849046526054
0.08619022235595208 0.12303608342865091
0.06458264572075516 0.13828849046526054
0.032806797727818485 0.1637091688596099
0.008657153253186564 0.17769054197650194
-0.0065952537834229955 0.1815036437356544
-0.019305592980597676 0.1815036437356544
-0.023118694739750107 0.18912984725395926
-0.033286966097489795 0.199298118611699
-0.06252074625099154 0.2056532882102863
-0.09302556032421076 0.21200845780887362
-0.13242761183545224 0.21327949172859106
-0.16674552766782386 0.21327949172859106
-0.2036055113396304 0.21327949172859106
-0.2341103254128496 0.21200845780887362
-0.26969927516493863 0.20946638996943862
-0.2913068518001356 0.20819535604972117
-0.31164339451561507 0.199298118611699
-0.3078302927564627 0.18912984725395926
-0.27986754652267837 0.17260640629763208
-0.23156825757341468 0.16625123669904476
-0.2036055113396304 0.1611671010201749
-0.17310069726641117 0.1573539992610226
-0.15149312063121423 0.15354089750187014
-0.12734347615658237 0.14972779574271772
-0.09048349248477583 0.14591469398356527
-0.07141798368901384 0.14210159222441296
-0.05743661057212172 0.13828849046526054
-0.05362350881296928 0.11413884599062861
-0.05362350881296928 0.09888643895401909
-0.05616557665240422 0.07727886231882206
-0.058707644491839156 0.05821335352306012
-0.061249712331274096 0.041689912566733066
-0.06252074625099154 0.020082335931536136
-0.06506281409042647 -0.012964545981118089
-0.0676048819298614 -0.035843156536032456
-0.0676048819298614 -0.05872176709094683
-0.07014694976929634 -0.08032934372614381
-0.07141798368901384 -0.09431071684303594
-0.07904418720731865 -0.10193692036134074
-0.09175452640449333 -0.10702105604021062
-0.11717520479884264 -0.11464725955851542
-0.13624071359460463 -0.11973139523738524
-0.14386691711290944 -0.12100242915710273
-0.15784829022980154 -0.12227346307682017
-0.2036055113396304 -0.12989966659512497
-0.24173652893115438 -0.13498380227399484
-0.2684282412452212 -0.13625483619371234
-0.019305592980597676 -0.26208719424574156
