0.0925 0.345
0.09625 0.33875
0.1125 0.33
0.14125 0.3175
0.16875 0.30625
0.1875 0.29875
0.21375 0.28875
0.2275 0.2825
0.245 0.275
0.25875 0.2675
0.2725 0.2575
0.28625 0.24875
0.305 0.235
0.3275 0.22125
0.3575 0.21
0.3725 0.2075
0.385 0.20625
0.4 0.20875
0.4175 0.2175
0.43625 0.22875
0.46125 0.2375
0.50125 0.23875
0.5275 0.23875
0.54375 0.2325
0.57125 0.225
0.60625 0.21125
0.63125 0.20625
0.645 0.205
0.6625 0.205
0.69 0.21375
0.73 0.24
0.75875 0.2625
0.78125 0.275
0.8 0.28375
0.81625 0.2925
0.84125 0.3
0.8625 0.30375
0.88 0.30625
0.86875 0.315
0.8575 0.32
0.84125 0.33375
0.835 0.34125
0.8275 0.3575
0.825 0.3675
0.82375 0.39125
0.82625 0.39625
0.8325 0.40875
0.8375 0.42625
0.84 0.4425
0.84 0.46
0.8375 0.4725
0.82 0.5025
0.81 0.51375
0.78625 0.5225
0.76625 0.52375
0.73 0.52375
0.7025 0.525
0.67375 0.52625
0.65625 0.53
0.6375 0.5425
0.63125 0.54875
0.625 0.565
0.625 0.5725
0.62375 0.5825
0.62 0.59625
0.60875 0.61375
0.5875 0.63125
0.57125 0.6375
0.5425 0.64125
0.53375 0.6425
0.5325 0.6275
0.53 0.58875
0.5275 0.555
0.4375 0.57125
0.41625 0.6525
0.29 0.63125
0.28875 0.6
0.2975 0.5825
0.3 0.56875
0.3 0.55125
0.295 0.52625
0.29125 0.515
0.2825 0.51
0.27125 0.505
0.26 0.5025
0.23875 0.4975
0.2175 0.495
0.20125 0.4925
0.19125 0.4925
0.18375 0.49125
0.16125 0.49
0.155 0.49
0.1225 0.49
0.095 0.4875
0.0575 0.47875
0.05125 0.47
0.05125 0.45625
0.105 0.43125
0.12125 0.42875
0.14625 0.42625
0.18 0.42125
0.2175 0.41375
0.24 0.405
0.25125 0.3975
0.2575 0.38625
0.26125 0.37125
0.25875 0.3625
0.25375 0.35875
0.23875 0.355
0.225 0.355
0.19875 0.355
0.1775 0.35375
0.15 0.3525
0.10875 0.35125
0.0925 0.34875
