0.4475 0.2925
0.4275 0.2575
0.42125 0.23
0.4225 0.205
0.42875 0.1825
0.445 0.16875
0.4675 0.16125
0.48875 0.15875
0.515 0.1625
0.5325 0.17
0.54625 0.1825
0.555 0.19
0.57375 0.21125
0.58875 0.23625
0.60375 0.2625
0.62625 0.30375
0.635 0.32625
0.64625 0.35625
0.655 0.38
0.66625 0.41
0.67875 0.4625
0.67875 0.50625
0.67875 0.52875
0.68 0.55875
0.6725 0.625
0.6725 0.645
0.65875 0.67
0.64125 0.6775
0.63 0.68375
0.63875 0.69125
0.65125 0.7025
0.66375 0.71875
0.67125 0.735
0.6725 0.75375
0.67125 0.76125
0.65125 0.755
0.64625 0.74625
0.63625 0.73375
0.62625 0.7225
0.61375 0.7125
0.5975 0.7025
0.57375 0.6875
0.55125 0.6725
0.53 0.6875
0.49875 0.7125
0.475 0.72625
0.46 0.73
0.4475 0.73
0.44375 0.7375
0.43375 0.7475
0.405 0.75375
0.375 0.76
0.33625 0.76125
0.3025 0.76125
0.26625 0.76125
0.23625 0.76
0.20125 0.7575
0.18 0.75625
0.16 0.7475
0.16375 0.7375
0.19125 0.72125
0.23875 0.715
0.26625 0.71
0.29625 0.70625
0.3175 0.7025
0.34125 0.69875
0.3775 0.695
0.39625 0.69125
0.41 0.6875
0.41375 0.66375
0.41375 0.64875
0.41125 0.6275
0.40875 0.60875
0.40625 0.5925
0.405 0.57125
0.4025 0.53875
0.4 0.51625
0.4 0.49375
0.3975 0.4725
0.39625 0.45875
0.38875 0.45125
0.37625 0.44625
0.35125 0.43875
0.3325 0.43375
0.325 0.4325
0.31125 0.43125
0.26625 0.42375
0.22875 0.41875
0.2025 0.4175
0.4475 0.29375
