0.21875 0.37625
0.18375 0.38
0.15625 0.385
0.125 0.39875
0.10625 0.40875
0.095 0.4175
0.0875 0.43
0.0925 0.4425
0.11625 0.44125
0.135 0.44
0.1575 0.43625
0.185 0.435
0.2025 0.44
0.20625 0.44875
0.205 0.455
0.195 0.46
0.17875 0.46375
0.1675 0.4675
0.15375 0.47125
0.1375 0.4775
0.12625 0.4825
0.11875 0.48875
0.11125 0.49875
0.11 0.50875
0.1125 0.515
0.125 0.51625
0.13875 0.51625
0.1625 0.5125
0.17125 0.51125
0.1875 0.51
0.2025 0.5125
0.21 0.52
0.21 0.52875
0.2025 0.535
0.18875 0.54
0.175 0.5475
0.1675 0.5525
0.15875 0.5575
0.15125 0.5625
0.14375 0.5675
0.135 0.57625
0.13125 0.58
0.12125 0.59625
0.1225 0.6
0.1325 0.60125
0.15125 0.60125
0.15875 0.60125
0.18 0.6
0.19375 0.60125
0.205 0.605
0.21 0.61
0.21125 0.62
0.21125 0.62875
0.21125 0.63125
0.21125 0.64375
0.21125 0.65375
0.2125 0.65875
0.22125 0.66625
0.23 0.66875
0.2375 0.67375
0.24625 0.68
0.25 0.69125
0.2525 0.71
0.25625 0.72625
0.2775 0.74125
0.28 0.74125
0.2875 0.7325
0.29125 0.72375
0.2925 0.715
0.2925 0.70625
0.29375 0.69875
0.295 0.68875
0.29625 0.67875
0.29875 0.67625
0.32625 0.66875
0.34125 0.66625
0.36125 0.6525
0.37 0.6375
0.37 0.61375
0.3675 0.60875
0.3625 0.59875
0.355 0.59
0.3475 0.58375
0.33875 0.5775
0.32875 0.57
0.31875 0.56375
0.31625 0.55625
0.315 0.5475
0.315 0.54
0.32 0.5325
0.3325 0.53
0.34375 0.52875
0.37625 0.5225
0.38125 0.52
0.3875 0.51
0.39 0.49125
0.39125 0.48375
0.39125 0.46375
0.39625 0.43875
0.405 0.42625
0.42625 0.415
0.4375 0.415
0.4475 0.4225
0.45 0.4325
0.45 0.45125
0.44875 0.45625
0.4475 0.4775
0.4475 0.4875
0.44875 0.4975
0.455 0.50625
0.46625 0.5075
0.51 0.50875
0.52125 0.51125
0.5425 0.5225
0.5475 0.5375
0.54375 0.54375
0.53125 0.54875
0.50625 0.56625
0.4975 0.575
0.49625 0.5875
0.49375 0.59875
0.48625 0.63
0.4825 0.66375
0.4975 0.70375
0.68125 0.635
0.71125 0.625
0.69875 0.5925
0.65 0.61125
0.6325 0.57625
0.69 0.5525
0.67875 0.51875
0.6225 0.5375
0.6875 0.3925
0.6225 0.41375
0.6625 0.32375
0.58625 0.345
0.64 0.26375
0.64375 0.23875
0.64125 0.2275
0.635 0.22125
0.6225 0.2175
0.6125 0.2175
0.59625 0.2175
0.5875 0.22
0.57375 0.2275
0.56625 0.2325
0.5575 0.24125
0.55 0.245
0.535 0.25
0.5225 0.255
0.50375 0.25875
0.48875 0.25875
0.47 0.26
0.46 0.26125
0.44 0.26875
0.4225 0.275
0.40875 0.28375
0.40375 0.2875
0.39625 0.29375
0.38375 0.305
0.3775 0.31
0.3675 0.3175
0.3575 0.32125
0.34625 0.325
0.32625 0.3275
0.31375 0.3275
0.29625 0.3275
0.2825 0.3275
0.27 0.33
0.25625 0.33375
0.24 0.34
0.22375 0.35125
0.215 0.37125
0.21625 0.37375
