0.13375 0.2825
0.1275 0.6425
0.13125 0.67375
0.14375 0.6925
0.16625 0.69875
0.2175 0.69875
0.25125 0.69875
0.3325 0.7
0.385 0.7
0.57875 0.7
0.7525 0.70125
0.76 0.17125
0.71 0.15625
0.66 0.47875
0.3925 0.48125
0.3925 0.26375
0.39375 0.24125
0.38875 0.2325
0.38125 0.2275
0.36875 0.2225
0.34875 0.2225
0.34375 0.225
0.33625 0.2475
0.33375 0.25625
0.3275 0.26625
0.32125 0.2775
0.3125 0.28125
0.29375 0.28625
0.275 0.29
0.24625 0.29
0.22 0.29
0.21125 0.29
0.2025 0.29
0.18875 0.28375
0.175 0.265
0.16375 0.21
0.1675 0.135
0.1675 0.08625
0.155 0.06125
0.14875 0.06125
0.1375 0.06375
0.11125 0.0925
0.1025 0.11125
0.1025 0.1475
0.1075 0.175
0.115 0.1975
0.12125 0.2175
0.1275 0.2425
0.135 0.28375
