0.29375 0.31
0.2575 0.315
0.2125 0.32375
0.19 0.33125
0.17 0.34125
0.15125 0.35625
0.13875 0.3725
0.135 0.38375
0.14625 0.3975
0.20875 0.4025
0.23625 0.40375
0.27625 0.41
0.29625 0.425
0.30125 0.44375
0.29125 0.45625
0.24375 0.46625
0.20875 0.475
0.1725 0.485
0.1375 0.505
0.13 0.52125
0.14 0.53
0.1775 0.53
0.22 0.53
0.26875 0.5275
0.28375 0.5275
0.2925 0.5275
0.3025 0.53375
0.30125 0.54375
0.275 0.5525
0.26 0.55625
0.2375 0.56
0.2175 0.56625
0.18375 0.575
0.17 0.58125
0.15625 0.59
0.155 0.59625
0.1675 0.59875
0.17875 0.59875
0.18875 0.59625
0.2025 0.59625
0.22875 0.595
0.25375 0.59375
0.27375 0.5925
0.295 0.5925
0.31 0.595
0.32875 0.6
0.36 0.6025
0.38375 0.6025
0.415 0.6025
0.44875 0.6025
0.48625 0.6025
0.515 0.60125
0.54 0.60125
0.555 0.60125
0.58 0.60125
0.5925 0.59875
0.5925 0.59375
0.59375 0.5825
0.59375 0.57375
0.59375 0.565
0.60125 0.52875
0.6025 0.51375
0.6025 0.49625
0.59875 0.49125
0.5775 0.48625
0.5375 0.485
0.52625 0.485
0.51875 0.415
0.52 0.3425
0.61625 0.305
0.6 0.20375
0.2875 0.19
0.2925 0.31
