0.16375 0.46875
0.19125 0.425
0.215 0.3975
0.23375 0.38
0.255 0.36375
0.28 0.34875
0.31625 0.33
0.34625 0.31875
0.3825 0.3075
0.42125 0.2975
0.455 0.29125
0.48125 0.2875
0.51875 0.28625
0.5425 0.285
0.57125 0.285
0.6225 0.29375
0.65125 0.3
0.6725 0.305
0.71125 0.32125
0.7325 0.33
0.76875 0.35
0.79625 0.37375
0.82625 0.40875
0.84625 0.435
0.865 0.45875
0.88 0.48375
0.69875 0.6475
0.645 0.60125
0.635 0.595
0.615 0.5875
0.60375 0.58375
0.58625 0.58
0.56 0.575
0.52 0.57375
0.5025 0.57375
0.48375 0.57375
0.465 0.575
0.44375 0.58375
0.43 0.59125
0.42 0.6
0.40875 0.61625
0.4025 0.63
0.3875 0.65375
0.38125 0.6625
0.36875 0.67625
0.16625 0.47
