0.5125 0.29
0.5075 0.27375
0.505 0.255
0.505 0.23625
0.505 0.22375
0.505 0.20875
0.5075 0.19625
0.51375 0.18375
0.52 0.1725
0.53125 0.165
0.5425 0.16
0.55125 0.1575
0.5625 0.15625
0.575 0.15625
0.585 0.15625
0.5975 0.15875
0.61 0.165
0.62 0.1725
0.63 0.18125
0.6375 0.18875
0.6475 0.19625
0.655 0.20375
0.6625 0.21375
0.6725 0.2225
0.68 0.23125
0.6875 0.2425
0.6975 0.255
0.70375 0.265
0.7125 0.27875
0.72 0.28875
0.73125 0.30625
0.7375 0.3175
0.74625 0.3325
0.75375 0.34625
0.76 0.3625
0.76375 0.37125
0.7725 0.3825
0.78 0.3975
0.78625 0.4125
0.7925 0.42375
0.79875 0.44
0.8025 0.4475
0.8075 0.45625
0.81125 0.46375
0.81375 0.475
0.815 0.4825
0.82 0.4925
0.82625 0.5075
0.82875 0.51375
0.83125 0.52
0.835 0.52875
0.83875 0.535
0.84375 0.5475
0.84625 0.55375
0.85 0.565
0.855 0.5825
0.85875 0.59125
0.86375 0.60375
0.8675 0.61375
0.87 0.6275
0.87125 0.63625
0.8725 0.64125
0.8725 0.64875
0.8725 0.6575
0.87 0.66375
0.8675 0.67
0.86125 0.6875
0.86 0.69375
0.8575 0.7
0.85 0.715
0.845 0.725
0.84 0.735
0.83375 0.74625
0.825 0.76
0.80875 0.78
0.79875 0.79125
0.79375 0.7925
0.77125 0.79
0.75875 0.78875
0.74375 0.78875
0.74375 0.795
0.74625 0.80125
0.75 0.81
0.75875 0.82125
0.76625 0.83
0.77875 0.84625
0.78375 0.86
0.78625 0.87625
0.7875 0.89
0.7825 0.89
0.77125 0.88625
0.76375 0.8775
0.755 0.86875
0.74875 0.86375
0.73875 0.85375
0.72625 0.84125
0.72125 0.83625
0.71625 0.83
0.70625 0.82125
0.68125 0.80625
0.67625 0.8025
0.66625 0.795
0.65625 0.78875
0.64625 0.78375
0.6425 0.7825
0.63125 0.78375
0.61625 0.795
0.61125 0.8
0.60875 0.80375
0.60625 0.80625
0.6 0.8125
0.58375 0.8225
0.565 0.82875
0.55 0.83125
0.52375 0.8325
0.51 0.84125
0.5075 0.8525
0.49375 0.85875
0.4675 0.86
0.44875 0.86125
0.425 0.86375
0.4 0.865
0.38 0.86625
0.36 0.86625
0.3525 0.86625
0.3225 0.86625
0.3125 0.865
0.2975 0.865
0.2675 0.865
0.24625 0.865
0.22875 0.865
0.2075 0.86375
0.18875 0.8575
0.17625 0.85125
0.17375 0.84
0.17875 0.835
0.1925 0.83125
0.215 0.8275
0.27875 0.82125
0.295 0.81375
0.3325 0.8075
0.3625 0.80375
0.42125 0.7925
0.44875 0.78625
0.495 0.77
0.5025 0.74875
0.49375 0.705
0.49 0.67375
0.465 0.52625
0.4625 0.4975
0.45875 0.4875
0.4525 0.48125
0.42375 0.46375
0.13125 0.42625
0.5125 0.29
