0.1075 0.3425
0.11125 0.69125
0.1275 0.69875
0.1375 0.6975
0.155 0.69375
0.15875 0.69125
0.16625 0.68375
0.17625 0.6725
0.19 0.67
0.2025 0.66625
0.20875 0.6575
0.21125 0.645
0.2125 0.63375
0.21625 0.62625
0.225 0.61875
0.245 0.615
0.25625 0.61125
0.26125 0.60625
0.265 0.595
0.26875 0.5825
0.27875 0.57875
0.2875 0.57875
0.31125 0.585
0.31625 0.595
0.3175 0.6075
0.3175 0.615
0.32 0.62
0.3275 0.62375
0.34625 0.62625
0.3625 0.63
0.37375 0.64625
0.38125 0.65875
0.38875 0.67
0.40625 0.6775
0.42625 0.67875
0.44375 0.6775
0.45875 0.6775
0.475 0.6775
0.48 0.67375
0.4825 0.66625
0.4825 0.65875
0.48625 0.655
0.49625 0.655
0.50375 0.65625
0.51 0.65125
0.50875 0.645
0.50375 0.64125
0.5025 0.6325
0.50875 0.63125
0.52125 0.62875
0.52375 0.62125
0.52375 0.615
0.52375 0.605
0.5325 0.6025
0.5425 0.605
0.5525 0.5975
0.5525 0.58875
0.5675 0.5825
0.57 0.5825
0.57375 0.59375
0.5825 0.59125
0.5925 0.59125
0.59375 0.60625
0.59875 0.60875
0.6075 0.61875
0.60625 0.62875
0.6175 0.63625
0.62 0.64125
0.6175 0.65625
0.615 0.66125
0.62 0.66625
0.6275 0.67
0.64125 0.6675
0.64375 0.67125
0.64375 0.68125
0.65 0.68375
0.655 0.68375
0.71 0.68625
0.71125 0.62125
0.70625 0.61875
0.70125 0.615
0.69875 0.60875
0.6975 0.6025
0.6975 0.59375
0.7025 0.58875
0.70625 0.58625
0.71125 0.58375
0.71375 0.51125
0.71 0.51125
0.70375 0.5125
0.68875 0.5125
0.67625 0.5
0.67 0.4725
0.66875 0.4525
0.67125 0.445
0.68625 0.43
0.71125 0.42125
0.7125 0.3675
0.68625 0.3675
0.6675 0.36625
0.655 0.3575
0.6475 0.34625
0.64375 0.325
0.6475 0.3075
0.66375 0.27875
0.68375 0.265
0.6975 0.26
0.71 0.25375
0.71125 0.2175
0.60125 0.0125
0.49625 0.21375
0.43875 0.215
0.42 0.14625
0.3975 0.2125
0.3325 0.22
0.28 0.08375
0.2525 0.22
0.21375 0.23
0.2125 0.26375
0.1875 0.2425
0.15625 0.24375
0.165 0.31875
0.16875 0.37875
0.12125 0.25375
0.11125 0.34
